
Triangle 1: [

-5.0, -6.0, -5.0
-5.0, -6.0, 5.0
5.0, -6.0,5.0

]

Triangle 2: [

5.0, -6.0, 5.0
5.0, -6.0, -5.0
-5.0, -6.0, -5.0

]

Triangle 3: [

-5.0, -6.0, -5.0
-5.0, 2.0, -5.0
-5.0, 2.0, 5.0

Triangle 4: [

-5.0, 2.0, 5.0
-5.0, -6.0, 5.0
-5.0, -6.0, -5.0

]

Triangle 5: [

-5.0, 2.0, 5.0
-5.0, -6.0, 5.0
5.0, -6.0, 5.0

Triangle 6: [

-5.0, -6.0, 5.0
-5.0, 2.0, 5.0
-5.0, 2.9, 5.0

]

Triangle 7: [

5.0, 2.0, 5.0
5.0, -6.0, 5.0
5.0, -6.0, -5.0

]

Triangle 8: [

5.0, -6.0, -5.0
5.0, 2.0, -5.0
5.0, 2.0, 5.0

]

Triangle 9: [

-5.0, -6.0, -5.0
5.0, -6.0, -5.0
5.0, 2.0, -5.0

]

Triangle 10: [

5.0, 2.0, -5.0
-5.0, 2.0, -5.0
-5.0, -6.0, -5.0

]

Triangle 11: [

-6.0, 2.0, -6.0
6.0, 2.0, -6.0
6.0, 2.0, 6.0

]

Triangle 12: [

6.0, 2.0, 6.0
-6.0, 2.0, 6.0
-6.0, 2.0, -6.0

]

Triangle 13: [

-6.0, 2.0, 6.0
0.0, 6.0, 0.0
-6.0, 2.0, -6.0

]

Triangle 14: [

-6.0, 2.0, -6.0
0.0, 6.0, 0.0
6.0, 2.0, -6.0

]

Triangle 15: [

6.0, 2.0, -6.0
0.0, 6.0, 0.0
6.0, 2.0, 6.0

]

Triangle 16: [

6.0, 2.0, 6.0
0.0, 6.0, 0.0
-6.0, 2.0, 6.0

]
